Adresse : lot H131 Merimanjaka -18.979517, 47.550083

C1: -18.979382082759905, 47.54994498508973
C2:-18.979413221091473, 47.55025582984378
C3: -18.979631081145218, 47.549912840989734
C4: -18.97965311192131, 47.55023900397546